1,0,0,0,1,0,0,0,1,0.1992,0,0.7535,0
1,0,0,0,1,0,0,0,1,0.199200439228817,2.97779730917781e-07,0.753500280855474,0
0.999999999975633,0,6.98103567894517e-06,0,1,0,-6.98103567894517e-06,0,0.999999999975633,0.199203496192767,2.37027485058994e-06,0.753502235548504,0
0.999999999725227,0,2.34424003359576e-05,0,1,0,-2.34424003359576e-05,0,0.999999999725227,0.19921174031843,7.95941096906343e-06,0.753507506901673,0
0.999999998471684,0,5.52868140935558e-05,0,1,0,-5.52868140935558e-05,0,0.999999998471684,0.199227688777664,1.8771562144586e-05,0.753517703918392,0
0.999999994228757,0,0.000107435965187396,0,1,0,-0.000107435965187396,0,0.999999994228757,0.199253807046019,3.64777919110762e-05,0.753534401692821,0
0.99999998294143,0,0.000184708253275015,0,1,0,-0.000184708253275015,0,0.99999998294143,0.199292509533396,6.27140943055928e-05,0.753559141206609,0
0.999999957420689,0,0.000291819498634107,0,1,0,-0.000291819498634107,0,0.999999957420689,0.199346160280345,9.90816348958051e-05,0.753593429022518,0
0.999999906089301,0,0.000433383650614947,0,1,0,-0.000433383650614947,0,0.999999906089301,0.199417073714509,0.000147146991807462,0.753638736883166,0
0.999999811555093,0,0.000613913494873575,0,1,0,-0.000613913494873575,0,0.999999811555093,0.199507515461699,0.000208442396751864,0.753696501222986,0
0.999999649027624,0,0.000837821358762653,0,1,0,-0.000837821358762653,0,0.999999649027624,0.199619703206193,0.000284465976053329,0.753768122601172,0
0.999999384593649,0,0.00110941981409766,0,1,0,-0.00110941981409766,0,0.999999384593649,0.199755807594949,0.000376681991676666,0.753854965063054,0
0.999998973366205,0,0.00143292237635113,0,1,0,-0.00143292237635113,0,0.999998973366205,0.19991795318049,0.000486521082254643,0.753958355437047,0
0.999998357521664,0,0.00181244419916002,0,1,0,-0.00181244419916002,0,0.999998357521664,0.200108219397327,0.000615380504115458,0.754079582573989,0
0.999997464238563,0,0.00225200276286426,0,1,0,-0.00225200276286426,0,0.999997464238563,0.200328641566837,0.000764624372310207,0.754219896535371,0
0.999996203551538,0,0.00275551855563039,0,1,0,-0.00275551855563039,0,0.999996203551538,0.200581211925624,0.000935583901640355,0.754380507736689,0
0.999994466133186,0,0.00332681574555614,0,1,0,-0.00332681574555614,0,0.999994466133186,0.200867880672437,0.00112955764768521,0.754562586051795,0
0.999992121016207,0,0.0039696228420009,0,1,0,-0.0039696228420009,0,0.999992121016207,0.201190557028819,0.00134781174782937,0.754767259883907,0
0.999989013267717,0,0.00468757334424641,0,1,0,-0.00468757334424641,0,0.999989013267717,0.201551110308726,0.00159158016229025,0.754995615208596,0
0.999984961627139,0,0.00548420637546231,0,1,0,-0.00548420637546231,0,0.999984961627139,0.201951370992451,0.00186206491514547,0.75524869459383,0
0.999979756118663,0,0.00636296729983503,0,1,0,-0.00636296729983503,0,0.999979756118663,0.202393131800259,0.00216043633536039,0.755527496201895,0
0.999973155648804,0,0.00732720832061577,0,1,0,-0.00732720832061577,0,0.999973155648804,0.20287814876124,0.00248783329781557,0.755832972777737,0
0.999964885599176,0,0.00838018905675661,0,1,0,-0.00838018905675661,0,0.999964885599176,0.203408142272967,0.00284536346433419,0.75616603062805,0
0.999954635424188,0,0.00952507709573282,0,1,0,-0.00952507709573282,0,0.999954635424188,0.203984798147655,0.0032341035247096,0.756527528595212,0
0.999942056262942,0,0.0107649485200957,0,1,0,-0.0107649485200957,0,0.999942056262942,0.204609768640616,0.00365509943773271,0.756918277029909,0
0.999926758574256,0,0.0121027884052635,0,1,0,-0.0121027884052635,0,0.999926758574256,0.2052846734569,0.00410936667221953,0.757339036766139,0
0.999908309803329,0,0.013541491286041,0,1,0,-0.013541491286041,0,0.999908309803329,0.206011100732151,0.00459789044803858,0.757790518102048,0
0.999886232088208,0,0.0150838615893555,0,1,0,-0.0150838615893555,0,0.999886232088208,0.206790607983785,0.00512162597713841,0.75827337978987,0
0.999860000013851,0,0.0167326140307186,0,1,0,-0.0167326140307186,0,0.999860000013851,0.207624723028772,0.00568149870457503,0.758788228038107,0
0.999829038421258,0,0.0184903739719574,0,1,0,-0.0184903739719574,0,0.999829038421258,0.20851494486438,0.0062784045495394,0.759335615528862,0
0.999792720278765,0,0.0203596777378149,0,1,0,-0.0203596777378149,0,0.999792720278765,0.209462744508413,0.0069132101463849,0.759916040453152,0
0.999750364622328,0,0.0223429728890932,0,1,0,-0.0223429728890932,0,0.999750364622328,0.210469565795597,0.00758675308565479,0.760529945566845,0
0.999701234571261,0,0.024442618450103,0,1,0,-0.024442618450103,0,0.999701234571261,0.211536826126914,0.00829984215510969,0.761177717269754,0
0.999644535425623,0,0.0266608850882936,0,1,0,-0.0266608850882936,0,0.999644535425623,0.212665917168846,0.00905325758075505,0.76185968471031,0
0.999579412851146,0,0.0289999552440625,0,1,0,-0.0289999552440625,0,0.999579412851146,0.213858205499628,0.00984775126786861,0.762576118918123,0
0.999504951157321,0,0.0314619232088876,0,1,0,-0.0314619232088876,0,0.999504951157321,0.215115033199796,0.0106840470420279,0.763327231966647,0
0.99942017167397,0,0.034048795150082,0,1,0,-0.034048795150082,0,0.99942017167397,0.216437718384456,0.0115628408901376,0.764113176168077,0
0.99932403123141,0,0.0367624890806484,0,1,0,-0.0367624890806484,0,0.99932403123141,0.217827555674892,0.0124848012014572,0.764934043302538,0
0.999215420749005,0,0.0396048347728972,0,1,0,-0.0396048347728972,0,0.999215420749005,0.219285816607298,0.0134505690086283,0.765789863883561,0
0.99909316393672,0,0.042577573614696,0,1,0,-0.042577573614696,0,0.99909316393672,0.220813749976588,0.0144607582287022,0.766680606461765,0
0.99895601611399,0,0.0456823584074359,0,1,0,-0.0456823584074359,0,0.99895601611399,0.222412582113459,0.0155159559041673,0.767606176968641,0
0.998802663150052,0,0.0489207531050266,0,1,0,-0.0489207531050266,0,0.998802663150052,0.22408351709301,0.0166167224439765,0.76856641810227,0
0.998631720529605,0,0.052294232493475,0,1,0,-0.052294232493475,0,0.998631720529605,0.225827736873486,0.0177635918645749,0.769561108756787,0
0.998441732547484,0,0.0558041818108512,0,1,0,-0.0558041818108512,0,0.998441732547484,0.227646401363839,0.0189570720309269,0.770589963497366,0
0.998231171635818,0,0.0594518963077091,0,1,0,-0.0594518963077091,0,0.998231171635818,0.22954064841905,0.0201976448975442,0.771652632082481,0
0.997998437826904,0,0.0632385807482935,0,1,0,-0.0632385807482935,0,0.997998437826904,0.231511593762333,0.0214857667495127,0.772748699035184,0
0.997741858354873,0,0.0671653488531508,0,1,0,-0.0671653488531508,0,0.997741858354873,0.23356033083355,0.0228218684435204,0.773877683265109,0
0.997459687398968,0,0.0712332226840359,0,1,0,-0.0712332226840359,0,0.997459687398968,0.23568793056337,0.0242063556488845,0.775039037742941,0
0.997150105971117,0,0.0754431319723046,0,1,0,-0.0754431319723046,0,0.997150105971117,0.237895441072931,0.0256396090885794,0.776232149229032,0
0.996811221950221,0,0.0797959133922723,0,1,0,-0.0797959133922723,0,0.996811221950221,0.240183887298942,0.0271219847802636,0.777456338057881,0
0.996441070265437,0,0.0842923097813186,0,1,0,-0.0842923097813186,0,0.996441070265437,0.242554270544414,0.0286538142773074,0.778710857980175,0
0.996037613230503,0,0.0889329693088201,0,1,0,-0.0889329693088201,0,0.996037613230503,0.245007567955388,0.0302354049098204,0.779994896064088,0
0.995598741030969,0,0.0937184445962936,0,1,0,-0.0937184445962936,0,0.995598741030969,0.247544731924262,0.0318670400256792,0.781307572657534,0
0.995122272366012,0,0.0986491917914384,0,1,0,-0.0986491917914384,0,0.995122272366012,0.250166689420535,0.0335489792315542,0.782647941413068,0
0.994605955246272,0,0.103725569599066,0,1,0,-0.103725569599066,0,0.994605955246272,0.252874341249988,0.0352814586339379,0.784014989377129,0
0.994047467948997,0,0.108947838272207,0,1,0,-0.108947838272207,0,0.994047467948997,0.255668561243548,0.0370646910801717,0.785407637145304,0
0.993444420131538,0,0.114316158566989,0,1,0,-0.114316158566989,0,0.993444420131538,0.258550195377307,0.0388988663994737,0.786824739085292,0
0.99279435410403,0,0.11983059066516,0,1,0,-0.11983059066516,0,0.99279435410403,0.261520060825342,0.0407841516439662,0.788265083629245,0
0.992094746261913,0,0.125491093068435,0,1,0,-0.125491093068435,0,0.992094746261913,0.264578944947264,0.0427206913297028,0.789727393637111,0
0.991343008678664,0,0.131297521469121,0,1,0,-0.131297521469121,0,0.991343008678664,0.267727604212556,0.0447086076776965,0.791210326832639,0
0.990536490858959,0,0.137249627601754,0,1,0,-0.137249627601754,0,0.990536490858959,0.270966763064045,0.0467480008549465,0.792712476313634,0
0.989672481652187,0,0.143347058080735,0,1,0,-0.143347058080735,0,0.989672481652187,0.274297112723003,0.0488389492154662,0.794232371138043,0
0.988748211326047,0,0.149589353229244,0,1,0,-0.149589353229244,0,0.988748211326047,0.277719309938618,0.0509815095413104,0.795768476987412,0
0.987760853799677,0,0.155975945904913,0,1,0,-0.155975945904913,0,0.987760853799677,0.281233975684756,0.0531757172836027,0.797319196909209,0
0.986707529035551,0,0.162506160328024,0,1,0,-0.162506160328024,0,0.986707529035551,0.284841693807142,0.0554215868035632,0.798882872139461,0
0.985585305589071,0,0.169179210918177,0,1,0,-0.169179210918177,0,0.985585305589071,0.288543009624286,0.0577191116135358,0.800457783007083,0
0.984391203314574,0,0.175994201145621,0,1,0,-0.175994201145621,0,0.984391203314574,0.292338428485663,0.0600682646180159,0.802042149921235,0
0.983122196226138,0,0.18295012240361,0,1,0,-0.18295012240361,0,0.983122196226138,0.296228414290849,0.0624689983546774,0.803634134442941,0
0.981775215511342,0,0.190045852908341,0,1,0,-0.190045852908341,0,0.981775215511342,0.300213387973489,0.0649212452354008,0.805231840442136,0
0.98034715269581,0,0.197280156633194,0,1,0,-0.197280156633194,0,0.98034715269581,0.304293725954162,0.0674249177873,0.806833315341215,0
0.978834862956096,0,0.20465168228412,0,1,0,-0.20465168228412,0,0.978834862956096,0.308469758566346,0.0699799088937505,0.808436551446053,0
0.97723516857814,0,0.212158962323195,0,1,0,-0.212158962323195,0,0.97723516857814,0.312741768459888,0.072586092035416,0.810039487365347,0
0.975544862558246,0,0.219800412047414,0,1,0,-0.219800412047414,0,0.975544862558246,0.317109988986501,0.0752433215312769,0.811640009519027,0
0.973760712343195,0,0.227574328729919,0,1,0,-0.227574328729919,0,0.973760712343195,0.32157460257197,0.0779514327796568,0.813235953736345,0
0.971879463705781,0,0.235478890830927,0,1,0,-0.235478890830927,0,0.971879463705781,0.326135739079904,0.0807102424992504,0.814825106944096,0
0.969897844751752,0,0.243512157285639,0,1,0,-0.243512157285639,0,0.969897844751752,0.33079347417195,0.0835195489701512,0.816405208945311,0
0.96781257005379,0,0.251672066876476,0,1,0,-0.251672066876476,0,0.96781257005379,0.335547827669566,0.0863791322748786,0.817973954288571,0
0.965620344907831,0,0.259956437696936,0,1,0,-0.259956437696936,0,0.965620344907831,0.340398761922501,0.0892887545394055,0.81952899422793,0
0.963317869706692,0,0.268362966714411,0,1,0,-0.268362966714411,0,0.963317869706692,0.345346180189262,0.0922481601741859,0.821067938773277,0
0.960901844425631,0,0.276889229439175,0,1,0,-0.276889229439175,0,0.960901844425631,0.350389925034918,0.0952570761151818,0.822588358830761,0
0.958368973214114,0,0.285532679706764,0,1,0,-0.285532679706764,0,0.958368973214114,0.355529776751671,0.0983152120648918,0.824087788432708,0
0.955715969087739,0,0.294290649580792,0,1,0,-0.294290649580792,0,0.955715969087739,0.360765451807681,0.101422260733377,0.825563727056274,0
0.952939558713908,0,0.303160349383198,0,1,0,-0.303160349383198,0,0.952939558713908,0.366096601329676,0.10457789807929,0.827013642029848,0
0.950036487284504,0,0.312138867858715,0,1,0,-0.312138867858715,0,0.950036487284504,0.37152280962493,0.107781783550903,0.828434971026019,0
0.947003523468502,0,0.321223172480198,0,1,0,-0.321223172480198,0,0.947003523468502,0.377043592748182,0.11103356032713,0.829825124639675,0
0.943837464437089,0,0.330410109901265,0,1,0,-0.330410109901265,0,0.943837464437089,0.382658397119113,0.114332855558562,0.831181489049594,0
0.940535140953577,0,0.339696406562442,0,1,0,-0.339696406562442,0,0.940535140953577,0.388366598195949,0.11767928060849,0.832501428761641,0
0.93709342252002,0,0.349078669456779,0,1,0,-0.349078669456779,0,0.93709342252002,0.394167499210775,0.121072431293932,0.833782289431431,0
0.933509222572201,0,0.358553387060624,0,1,0,-0.358553387060624,0,0.933509222572201,0.400060329972068,0.124511888126663,0.8350214007641,0
0.92977950371428,0,0.368116930434918,0,1,0,-0.368116930434918,0,0.92977950371428,0.406044245739927,0.12799721655424,0.836216079488557,0
0.925901282984175,0,0.377765554502073,0,1,0,-0.377765554502073,0,0.925901282984175,0.412118326179401,0.131527967201032,0.83736363240334,0
0.921871637140402,0,0.387495399503111,0,1,0,-0.387495399503111,0,0.921871637140402,0.418281574397219,0.135103676109244,0.83846135949096,0
0.917687707960891,0,0.397302492639407,0,1,0,-0.397302492639407,0,0.917687707960891,0.424532916067131,0.138723864979948,0.839506557097348,0
0.913346707544015,0,0.407182749902925,0,1,0,-0.407182749902925,0,0.913346707544015,0.430871198648955,0.14238804141411,0.840496521172771,0
0.90884592360183,0,0.417131978098463,0,1,0,-0.417131978098463,0,0.90884592360183,0.437295190706256,0.146095699153614,0.841428550570349,0
0.904182724735353,0,0.427145877060933,0,1,0,-0.427145877060933,0,0.904182724735353,0.44380358132748,0.149846318322293,0.842299950398015,0
0.899354565681443,0,0.437220042070286,0,1,0,-0.437220042070286,0,0.899354565681443,0.450394979655139,0.153639365666957,0.84310803541956,0
0.894358992520754,0,0.447349966466146,0,1,0,-0.447349966466146,0,0.894358992520754,0.457067914527498,0.157474294798416,0.843850133500124,0
0.889193647835999,0,0.457531044463772,0,1,0,-0.457531044463772,0,0.889193647835999,0.463820834236986,0.161350546432513,0.844523589091288,0
0.883856275809709,0,0.467758574172395,0,1,0,-0.467758574172395,0,0.883856275809709,0.47065210640935,0.165267548631148,0.845125766750662,0
0.878344727250516,0,0.478027760816479,0,1,0,-0.478027760816479,0,0.878344727250516,0.477560018007312,0.169224717043304,0.845654054690656,0
0.872656964536936,0,0.488333720159874,0,1,0,-0.488333720159874,0,0.872656964536936,0.484542775462259,0.173221455146081,0.84610586835092,0
0.866791066467578,0,0.498671482132273,0,1,0,-0.498671482132273,0,0.866791066467578,0.491598504937225,0.177257154485716,0.846478653988698,0
0.860745233006686,0,0.509035994656828,0,1,0,-0.509035994656828,0,0.860745233006686,0.498725252724116,0.181331194918616,0.846769892281177,0
0.854517789913907,0,0.519422127677145,0,1,0,-0.519422127677145,0,0.854517789913907,0.505920985777875,0.18544294485238,0.846977101933711,0
0.848107193247264,0,0.529824677381347,0,1,0,-0.529824677381347,0,0.848107193247264,0.513183592389937,0.189591761486832,0.847097843287651,0
0.841512033728331,0,0.540238370620236,0,1,0,-0.540238370620236,0,0.841512033728331,0.52051088300303,0.193776991055047,0.847129721921314,0
0.834731040958745,0,0.550657869516028,0,1,0,-0.550657869516028,0,0.834731040958745,0.527900591169003,0.197997969064376,0.847070392237534,0
0.827763087477301,0,0.561077776257486,0,1,0,-0.561077776257486,0,0.827763087477301,0.535350374651079,0.202254020537474,0.846917561031072,0
0.820607192647076,0,0.571492638076716,0,1,0,-0.571492638076716,0,0.820607192647076,0.542857816671502,0.206544460253332,0.846668991029056,0
0.813262526362171,0,0.581896952402244,0,1,0,-0.581896952402244,0,0.813262526362171,0.550420427305234,0.210868592988297,0.846322504397563,0
0.805728412563959,0,0.592285172182424,0,1,0,-0.592285172182424,0,0.805728412563959,0.558035645019964,0.215225713757106,0.845875986207319,0
0.798004332556944,0,0.602651711372619,0,1,0,-0.602651711372619,0,0.798004332556944,0.565700838362304,0.219615108053911,0.845327387851507,0
0.790089928114659,0,0.612990950579022,0,1,0,-0.612990950579022,0,0.790089928114659,0.573413307789665,0.224036052093305,0.84467473040857,0
0.781985004366354,0,0.623297242851397,0,1,0,-0.623297242851397,0,0.781985004366354,0.581170287646921,0.228487813051352,0.843916107942934,0
0.773689532455603,0,0.633564919616475,0,1,0,-0.633564919616475,0,0.773689532455603,0.588968948286546,0.232969649306612,0.843049690736538,0
0.765203651962337,0,0.643788296743194,0,1,0,-0.643788296743194,0,0.765203651962337,0.596806398330542,0.237480810681173,0.842073728444107,0
0.75652767308026,0,0.653961680730429,0,1,0,-0.653961680730429,0,0.75652767308026,0.604679687072049,0.242020538681671,0.840986553165152,0
0.747662078542051,0,0.664079375007371,0,1,0,-0.664079375007371,0,0.747662078542051,0.612585807014128,0.246588066740324,0.839786582425718,0
0.738607525285248,0,0.674135686336216,0,1,0,-0.674135686336216,0,0.738607525285248,0.620521696542839,0.251182620455958,0.838472322063038,0
0.729364845852241,0,0.684124931306363,0,1,0,-0.684124931306363,0,0.729364845852241,0.628484242731286,0.255803417835033,0.837042369006322,0
0.71993504951832,0,0.694041442908891,0,1,0,-0.694041442908891,0,0.71993504951832,0.636470284270948,0.26044966953267,0.835495413947067,0
0.710319323142329,0,0.703879577179665,0,1,0,-0.703879577179665,0,0.710319323142329,0.644476614526225,0.265120579093681,0.833830243892417,0
0.700519031735059,0,0.713633719899064,0,1,0,-0.713633719899064,0,0.700519031735059,0.652499984707716,0.269815343193594,0.832045744595296,0
0.690535718741129,0,0.723298293335933,0,1,0,-0.723298293335933,0,0.690535718741129,0.660537107159408,0.274533151879684,0.83014090285522,0
0.680371106030751,0,0.732867763023106,0,1,0,-0.732867763023106,0,0.680371106030751,0.668584658754568,0.279273188811994,0.828114808683918,0
0.670027093598457,0,0.742336644551516,0,1,0,-0.742336644551516,0,0.670027093598457,0.676639284394796,0.284034631504371,0.825966657330151,0
0.659505758966502,0,0.751699510369681,0,1,0,-0.751699510369681,0,0.659505758966502,0.684697600606338,0.288816651565485,0.823695751158357,0
0.648809356291403,0,0.760950996575164,0,1,0,-0.760950996575164,0,0.648809356291403,0.692756199227441,0.293618414939864,0.821301501376043,0
0.637940315172752,0,0.770085809684408,0,1,0,-0.770085809684408,0,0.637940315172752,0.70081165118023,0.298439082148915,0.818783429605151,0
0.626901239164155,0,0.779098733367246,0,1,0,-0.779098733367246,0,0.626901239164155,0.708860510320273,0.303277808531957,0.816141169292936,0
0.615694903986921,0,0.78798463513227,0,1,0,-0.78798463513227,0,0.615694903986921,0.716899317356726,0.308133744487242,0.81337446695824,0
0.604324255447807,0,0.796738472949219,0,1,0,-0.796738472949219,0,0.604324255447807,0.724924603835722,0.313006035712992,0.810483183269379,0
0.592792407062906,0,0.805355301794535,0,1,0,-0.805355301794535,0,0.592792407062906,0.732932896179361,0.317893823448415,0.807467293950269,0
0.581102637390481,0,0.813830280106256,0,1,0,-0.813830280106256,0,0.581102637390481,0.740920719772516,0.322796244714742,0.804326890511747,0
0.56925838707631,0,0.822158676134527,0,1,0,-0.822158676134527,0,0.56925838707631,0.748884603089425,0.327712432556249,0.801062180805491,0
0.557263255615833,0,0.830335874174085,0,1,0,-0.830335874174085,0,0.557263255615833,0.756821081851861,0.332641516281289,0.797673489398316,0
0.545120997838104,0,0.838357380665304,0,1,0,-0.838357380665304,0,0.545120997838104,0.764726703210562,0.337582621703312,0.794161257765052,0
0.532835520117322,0,0.846218830150513,0,1,0,-0.846218830150513,0,0.532835520117322,0.772598029941418,0.342534871381901,0.790526044298648,0
0.520410876318376,0,0.853915991072623,0,1,0,-0.853915991072623,0,0.520410876318376,0.780431644647868,0.347497384863793,0.786768524136567,0
0.507851263483562,0,0.861444771403339,0,1,0,-0.861444771403339,0,0.507851263483562,0.788224153960829,0.352469278923913,0.782889488802981,0
0.495161017268306,0,0.868801224088581,0,1,0,-0.868801224088581,0,0.495161017268306,0.795972192727461,0.357449667806393,0.778889845666739,0
0.482344607134394,0,0.875981552299115,0,1,0,-0.875981552299115,0,0.482344607134394,0.803672428180035,0.362437663465607,0.774770617215503,0
0.469406631309825,0,0.882982114474785,0,1,0,-0.882982114474785,0,0.469406631309825,0.811321564076166,0.367432375807194,0.770532940146912,0
0.456351811525064,0,0.889799429151195,0,1,0,-0.889799429151195,0,0.456351811525064,0.818916344801697,0.372432912929087,0.766178064278109,0
0.443184987536019,0,0.896430179558173,0,1,0,-0.896430179558173,0,0.443184987536019,0.826453559427597,0.377438381362543,0.761707351275354,0
0.429911111444659,0,0.90287121797985,0,1,0,-0.90287121797985,0,0.429911111444659,0.833930045712258,0.382447886313164,0.757122273205976,0
0.416535241828694,0,0.909119569866754,0,1,0,-0.909119569866754,0,0.416535241828694,0.841342694040762,0.38746053190193,0.752424410915269,0
0.403062537692279,0,0.915172437690876,0,1,0,-0.915172437690876,0,0.403062537692279,0.848688451292724,0.392475421406227,0.747615452231457,0
0.389498252250119,0,0.921027204535297,0,1,0,-0.921027204535297,0,0.389498252250119,0.855964324630558,0.397491657500869,0.742697190002222,0
0.375847726557831,0,0.926681437410565,0,1,0,-0.926681437410565,0,0.375847726557831,0.86316738520013,0.402508342499131,0.737671519966725,0
0.362116383001773,0,0.93213289029071,0,1,0,-0.93213289029071,0,0.362116383001773,0.870294771736001,0.407524578593773,0.73254043846747,0
0.348309718661931,0,0.937379506862427,0,1,0,-0.937379506862427,0,0.348309718661931,0.87734369406368,0.41253946809807,0.727306040006738,0
0.334433298561745,0,0.942419422981674,0,1,0,-0.942419422981674,0,0.334433298561745,0.884311436491544,0.417552113686837,0.721970514652711,0
0.320492748819065,0,0.947250968832653,0,1,0,-0.947250968832653,0,0.320492748819065,0.891195361085378,0.422561618637457,0.716536145300759,0
0.306493749712592,0,0.951872670784867,0,1,0,-0.951872670784867,0,0.306493749712592,0.897992910818761,0.427567087070913,0.711005304795732,0
0.292442028678447,0,0.956283252944667,0,1,0,-0.956283252944667,0,0.292442028678447,0.904701612592841,0.432567624192806,0.705380452921412,0
0.278343353251531,0,0.960481638398514,0,1,0,-0.960481638398514,0,0.278343353251531,0.91131908011938,0.437562336534393,0.699664133263596,0
0.26420352396656,0,0.964466950145857,0,1,0,-0.964466950145857,0,0.26420352396656,0.917843016661279,0.442550332193607,0.69385896995359,0
0.250028367233614,0,0.968238511720378,0,1,0,-0.968238511720378,0,0.250028367233614,0.924271217625192,0.447530721076087,0.687967664299148,0
0.235823728203125,0,0.971795847499041,0,1,0,-0.971795847499041,0,0.235823728203125,0.930601573001169,0.452502615136207,0.681992991310135,0
0.221595463635156,0,0.975138682699195,0,1,0,-0.975138682699195,0,0.221595463635156,0.936832069644701,0.4574651286181,0.675937796126453,0
0.207349434787728,0,0.978266943064729,0,1,0,-0.978266943064729,0,0.207349434787728,0.942960793396939,0.462417378296688,0.669804990355929,0
0.193091500338908,0,0.981180754243004,0,1,0,-0.981180754243004,0,0.193091500338908,0.948985931039234,0.467358483718711,0.663597548330084,0
0.178827509357104,0,0.983880440855054,0,1,0,-0.983880440855054,0,0.178827509357104,0.954905772078636,0.47228756744375,0.657318503285821,0
0.164563294333885,0,0.986366525262278,0,1,0,-0.986366525262278,0,0.164563294333885,0.960718710361353,0.477203755285258,0.650970943481236,0
0.150304664293376,0,0.988639726033531,0,1,0,-0.988639726033531,0,0.150304664293376,0.966423245511665,0.482106176551585,0.644558008253829,0
0.136057397991952,0,0.990700956117263,0,1,0,-0.990700956117263,0,0.136057397991952,0.972017984194183,0.486993964287008,0.63808288402949,0
0.121827237221684,0,0.992551320723987,0,1,0,-0.992551320723987,0,0.121827237221684,0.977501641197833,0.491866255512757,0.631548800290682,0
0.107619880230606,0,0.994192114925053,0,1,0,-0.994192114925053,0,0.107619880230606,0.98287304034034,0.496722191468043,0.624959025512283,0
0.0934409752724421,0,0.995624820974314,0,1,0,-0.995624820974314,0,0.0934409752724421,0.988131115192482,0.501560917851084,0.618316863073512,0
0.07929611429803,0,0.99685110535989,0,1,0,-0.99685110535989,0,0.07929611429803,0.993274909621791,0.506381585060136,0.611625647154408,0
0.0651908268002148,0,0.997872815593803,0,1,0,-0.997872815593803,0,0.0651908268002148,0.99830357815584,0.511183348434515,0.604888738625207,0
0.0511305738234626,0,0.998691976747828,0,1,0,-0.998691976747828,0,0.0511305738234626,1.00321638616567,0.515965368495629,0.598109520936949,0
0.0371207421489185,0,0.99931078774439,0,1,0,-0.99931078774439,0,0.0371207421489185,1.00801270987039,0.520726811188006,0.591291396021512,0
0.023166638665117,0,0.999731617411873,0,1,0,-0.999731617411873,0,0.023166638665117,1.01269203616427,0.525466848120316,0.584437780209175,0
0.00927348493391444,0,0.999957000314104,0,1,0,-0.999957000314104,0,0.00927348493391444,1.01725396226832,0.530184656806406,0.577552100171629,0
-0.00455358803931794,0,0.99998963236424,0,1,0,-0.99998963236424,0,-0.00455358803931794,1.02169819520839,0.534879420906319,0.570637788898257,0
-0.018309544822904,0,0.999832366233649,0,1,0,-0.999832366233649,0,-0.018309544822904,1.02602455112258,0.53955033046733,0.563698281713219,0
-0.0319894503556912,0,0.999488206566711,0,1,0,-0.999488206566711,0,-0.0319894503556912,1.03023295440087,0.544196582164967,0.556737012340766,0
-0.0455884745164279,0,0.998960305012799,0,1,0,-0.998960305012799,0,-0.0455884745164279,1.03432343666032,0.548817379544042,0.549757409025917,0
-0.0591018964592771,0,0.998251955086949,0,1,0,-0.998251955086949,0,-0.0591018964592771,1.03829613555964,0.553411933259676,0.542762890717399,0
-0.0725251087096939,0,0.997366586870969,0,1,0,-0.997366586870969,0,-0.0725251087096939,1.04215129345704,0.55797946131833,0.535756863319496,0
-0.0858536210156302,0,0.996307761566929,0,1,0,-0.996307761566929,0,-0.0858536210156302,1.04588925591587,0.562519189318828,0.528742716019173,0
-0.0990830639496862,0,0.995079165915126,0,1,0,-0.995079165915126,0,-0.0990830639496862,1.04951047006261,0.567030350693387,0.521723817694515,0
-0.112209192258539,0,0.993684606488742,0,1,0,-0.993684606488742,0,-0.112209192258539,1.0530154828021,0.571512186948648,0.51470351341026,0
-0.125227887956653,0,0.992128003877481,0,1,0,-0.992128003877481,0,-0.125227887956653,1.05640493889545,0.575963947906695,0.507685121005832,0
-0.138135163162003,0,0.990413386772517,0,1,0,-0.990413386772517,0,-0.138135163162003,1.0596795789057,0.580384891946089,0.500671927780984,0
-0.150927162672214,0,0.988544885965081,0,1,0,-0.988544885965081,0,-0.150927162672214,1.06284023701729,0.584774286242894,0.493667187283785,0
-0.163600166280181,0,0.986526728271007,0,1,0,-0.986526728271007,0,-0.163600166280181,1.06588783873488,0.589131407011703,0.486674116205362,0
-0.176150590828967,0,0.984363230393439,0,1,0,-0.984363230393439,0,-0.176150590828967,1.06882339846782,0.593455539746669,0.479695891385423,0
-0.188574992006376,0,0.98205879273585,0,1,0,-0.98205879273585,0,-0.188574992006376,1.07164801700627,0.597745979462526,0.472735646932232,0
-0.200870065880314,0,0.979617893177354,0,1,0,-0.979617893177354,0,-0.200870065880314,1.0743628788955,0.602002030935624,0.46579647146033,0
-0.213032650176646,0,0.977045080822126,0,1,0,-0.977045080822126,0,-0.213032650176646,1.07696924971477,0.606223008944953,0.458881405448923,0
-0.225059725301905,0,0.974344969734555,0,1,0,-0.974344969734555,0,-0.225059725301905,1.07946847326726,0.610408238513168,0.45199343872349,0
-0.23694841511381,0,0.971522232671519,0,1,0,-0.971522232671519,0,-0.23694841511381,1.08186196868791,0.61455705514762,0.445135508062756,0
-0.24869598744314,0,0.968581594822905,0,1,0,-0.968581594822905,0,-0.24869598744314,1.08415122747572,0.618668805081385,0.43831049493284,0
-0.260299854371067,0,0.965527827571221,0,1,0,-0.965527827571221,0,-0.260299854371067,1.08633781045727,0.622742845514283,0.431521223349988,0
-0.271757572266635,0,0.962365742280836,0,1,0,-0.962365742280836,0,-0.271757572266635,1.08842334468835,0.626778544853919,0.424770457872901,0
-0.283066841589534,0,0.959100184127042,0,1,0,-0.959100184127042,0,-0.283066841589534,1.09040952030027,0.630775282956696,0.418060901725372,0
-0.294225506463882,0,0.955736025974784,0,1,0,-0.955736025974784,0,-0.294225506463882,1.09229808729781,0.634732451368853,0.411395195049511,0
-0.30523155402914,0,0.952278162316535,0,1,0,-0.952278162316535,0,-0.30523155402914,1.09409085231534,0.638649453567487,0.40477591328951,0
-0.316083113574808,0,0.94873150327838,0,1,0,-0.94873150327838,0,-0.316083113574808,1.09578967533792,0.642525705201584,0.398205565705552,0
-0.326778455465866,0,0.945100968702997,0,1,0,-0.945100968702997,0,-0.326778455465866,1.09739646639389,0.646360634333044,0.391686594017135,0
-0.337315989866437,0,0.941391482317758,0,1,0,-0.941391482317758,0,-0.337315989866437,1.09891318222542,0.650153681677707,0.385221371174706,0
-0.347694265269424,0,0.937607965995786,0,1,0,-0.937607965995786,0,-0.347694265269424,1.10034182294357,0.653904300846386,0.378812200258234,0
-0.357911966840234,0,0.933755334117324,0,1,0,-0.933755334117324,0,-0.357911966840234,1.10168442867396,0.65761195858589,0.37246131350102,0
-0.367967914583043,0,0.929838488038329,0,1,0,-0.929838488038329,0,-0.367967914583043,1.10294307619936,0.661276135020052,0.366170871436707,0
-0.377861061338282,0,0.925862310672762,0,1,0,-0.925862310672762,0,-0.377861061338282,1.1041198756052,0.664896323890756,0.359942962167233,0
-0.387590490620323,0,0.921831661194546,0,1,0,-0.921831661194546,0,-0.387590490620323,1.10521696693375,0.668472032798968,0.353779600749132,0
-0.397155414304523,0,0.917751369864738,0,1,0,-0.917751369864738,0,-0.397155414304523,1.10623651685288,0.67200278344576,0.34768272869538,0
-0.406555170173015,0,0.913626232988957,0,1,0,-0.913626232988957,0,-0.406555170173015,1.10718071534471,0.675488111873337,0.34165421358969,0
-0.415789219328752,0,0.909461008009682,0,1,0,-0.909461008009682,0,-0.415789219328752,1.10805177241969,0.678927568706068,0.335695848809978,0
-0.424857143487514,0,0.905260408737524,0,1,0,-0.905260408737524,0,-0.424857143487514,1.10885191486117,0.68232071939151,0.329809353357455,0
-0.433758642157605,0,0.90102910072516,0,1,0,-0.90102910072516,0,-0.433758642157605,1.10958338300545,0.685667144441438,0.323996371787647,0
-0.442493529717128,0,0.896771696787135,0,1,0,-0.896771696787135,0,-0.442493529717128,1.11024842756211,0.688966439672871,0.318258474239417,0
-0.451061732398731,0,0.892492752668309,0,1,0,-0.892492752668309,0,-0.451061732398731,1.11084930647911,0.692218216449097,0.312597156557936,0
-0.459463285191776,0,0.888196762863264,0,1,0,-0.888196762863264,0,-0.459463285191776,1.11138828185708,0.695422101920709,0.307013840507346,0
-0.467698328671841,0,0.883888156588585,0,1,0,-0.883888156588585,0,-0.467698328671841,1.11186761691689,0.698577739266623,0.301509874068776,0
-0.47576710576747,0,0.879571293909508,0,1,0,-0.879571293909508,0,-0.47576710576747,1.11228957302445,0.701684787935108,0.296086531819208,0
-0.483669958474065,0,0.875250462021984,0,1,0,-0.875250462021984,0,-0.483669958474065,1.11265640677637,0.704742923884818,0.290745015386597,0
-0.491407324524682,0,0.870929871690881,0,1,0,-0.870929871690881,0,-0.491407324524682,1.11297036715008,0.707751839825814,0.28548645397657,0
-0.498979734027419,0,0.866613653844622,0,1,0,-0.866613653844622,0,-0.498979734027419,1.11323369272154,0.710711245460595,0.280311904965946,0
-0.506387806079025,0,0.862305856326206,0,1,0,-0.862305856326206,0,-0.506387806079025,1.11344860895369,0.713620867725122,0.275222354558252,0
-0.513632245364142,0,0.858010440800221,0,1,0,-0.858010440800221,0,-0.513632245364142,1.11361732555841,0.716480451029849,0.270218718496387,0
-0.520713838749466,0,0.853731279815139,0,1,0,-0.853731279815139,0,-0.520713838749466,1.11374203393461,0.719289757500749,0.26530184282755,0
-0.527633451882013,0,0.849472154019819,0,1,0,-0.849472154019819,0,-0.527633451882013,1.1138249046849,0.722048567220343,0.260472504715503,0
-0.53439202580031,0,0.845236749532958,0,1,0,-0.845236749532958,0,-0.53439202580031,1.11386808521291,0.724756678468723,0.255731413295339,0
-0.540990573567348,0,0.841028655463815,0,1,0,-0.841028655463815,0,-0.540990573567348,1.11387369740347,0.727413907964583,0.251079210565787,0
-0.547430176933725,0,0.836851361582396,0,1,0,-0.836851361582396,0,-0.547430176933725,1.11384383538721,0.73002009110625,0.246516472314268,0
-0.553711983039257,0,0.832708256137006,0,1,0,-0.832708256137006,0,-0.553711983039257,1.11378056339127,0.732575082212701,0.242043709069872,0
-0.559837201161083,0,0.828602623816824,0,1,0,-0.828602623816824,0,-0.559837201161083,1.11368591367765,0.735078754764599,0.237661367079498,0
-0.565807099516014,0,0.824537643857014,0,1,0,-0.824537643857014,0,-0.565807099516014,1.11356188457015,0.737531001645323,0.233369829302464,0
-0.571623002124543,0,0.820516388283699,0,1,0,-0.820516388283699,0,-0.571623002124543,1.11341043857124,0.739931735381984,0.229169416419032,0
-0.577286285743819,0,0.816541820295878,0,1,0,-0.816541820295878,0,-0.577286285743819,1.11323350056952,0.742280888386465,0.225060387848247,0
-0.582798376876326,0,0.812616792781395,0,1,0,-0.812616792781395,0,-0.582798376876326,1.11303295613856,0.744578413196437,0.22104294277079,0
-0.588160748861015,0,0.808744046963717,0,1,0,-0.808744046963717,0,-0.588160748861015,1.11281064992774,0.746824282716397,0.217117221152422,0
-0.59337491905301,0,0.804926211176425,0,1,0,-0.804926211176425,0,-0.59337491905301,1.11256838414525,0.74901849045869,0.213283304763978,0
-0.598442446097951,0,0.80116579976201,0,1,0,-0.80116579976201,0,-0.598442446097951,1.11230791713383,0.751161050784534,0.209541218193762,0
-0.603364927306567,0,0.797465212091625,0,1,0,-0.797465212091625,0,-0.603364927306567,1.11203096203908,0.753251999145053,0.205890929848485,0
-0.608143996134755,0,0.79382673170236,0,1,0,-0.79382673170236,0,-0.608143996134755,1.11173918557038,0.755291392322303,0.202332352938996,0
-0.612781319774144,0,0.790252525548548,0,1,0,-0.790252525548548,0,-0.612781319774144,1.11143420685446,0.757279308670297,0.198865346447201,0
-0.617278596857754,0,0.786744643363603,0,1,0,-0.786744643363603,0,-0.617278596857754,1.11111759638096,0.759215848356034,0.195489716070735,0
-0.621637555285033,0,0.783305017128863,0,1,0,-0.783305017128863,0,-0.621637555285033,1.11079087504002,0.761101133600526,0.192205215142115,0
-0.625859950170159,0,0.779935460645948,0,1,0,-0.779935460645948,0,-0.625859950170159,1.11045551325102,0.762935308919828,0.18901154551931,0
-0.629947561917228,0,0.776637669209098,0,1,0,-0.776637669209098,0,-0.629947561917228,1.11011293018215,0.764718541366063,0.185908358444775,0
-0.633902194425475,0,0.773413219374073,0,1,0,-0.773413219374073,0,-0.633902194425475,1.10976449305987,0.766451020768446,0.182895255370304,0
-0.637725673427493,0,0.770263568820083,0,1,0,-0.770263568820083,0,-0.637725673427493,1.10941151656766,0.768132959974321,0.179971788745042,0
-0.64141984496283,0,0.767190056301474,0,1,0,-0.767190056301474,0,-0.64141984496283,1.10905526233296,0.769764595090179,0.177137462764462,0
-0.644986573989224,0,0.76419390168572,0,1,0,-0.76419390168572,0,-0.644986573989224,1.10869693850153,0.771346185722693,0.174391734078036,0
-0.6484277431332,0,0.7612762060745,0,1,0,-0.7612762060745,0,-0.6484277431332,1.10833769939794,0.772878015219737,0.171734012453731,0
-0.651745251581493,0,0.758437952004629,0,1,0,-0.758437952004629,0,-0.651745251581493,1.1079786452712,0.774360390911421,0.169163661397533,0
-0.654941014114371,0,0.755680003725677,0,1,0,-0.755680003725677,0,-0.654941014114371,1.10762082212427,0.775793644351116,0.166679998726479,0
-0.658016960281576,0,0.753003107551221,0,1,0,-0.753003107551221,0,-0.658016960281576,1.10726522162604,0.77717813155648,0.164282297093839,0
-0.660975033721254,0,0.750407892280716,0,1,0,-0.750407892280716,0,-0.660975033721254,1.10691278110451,0.778514233250488,0.161969784465294,0
-0.663817191621896,0,0.747894869689062,0,1,0,-0.747894869689062,0,-0.663817191621896,1.10656438361968,0.779802355102455,0.159741644545187,0
-0.666545404326951,0,0.745464435080991,0,1,0,-0.745464435080991,0,-0.666545404326951,1.10622085811459,0.781042927969073,0.157597017152066,0
-0.669161655081388,0,0.743116867907557,0,1,0,-0.743116867907557,0,-0.669161655081388,1.10588297964287,0.782236408135424,0.155534998543027,0
-0.671667939919268,0,0.740852332441902,0,1,0,-0.740852332441902,0,-0.671667939919268,1.1055514696712,0.783383277556024,0.153554641686429,0
-0.674066267690809,0,0.738670878511792,0,1,0,-0.738670878511792,0,-0.674066267690809,1.10522699645482,0.784484044095833,0.151654956482913,0
-0.676358660227357,0,0.736572442286198,0,1,0,-0.736572442286198,0,-0.676358660227357,1.1049101754843,0.785539241771298,0.149834909934682,0
-0.678547152642103,0,0.734556847113479,0,1,0,-0.734556847113479,0,-0.678547152642103,1.10460157000161,0.786549430991372,0.148093426263305,0
-0.68063379376418,0,0.732623804408633,0,1,0,-0.732623804408633,0,-0.68063379376418,1.10430169158348,0.787515198798541,0.146429386976446,0
-0.682620646703433,0,0.730772914587143,0,1,0,-0.730772914587143,0,-0.682620646703433,1.10401100078992,0.788437159109862,0.144841630884071,0
-0.684509789542697,0,0.729003668043044,0,1,0,-0.729003668043044,0,-0.684509789542697,1.10372990787576,0.789315952957973,0.143328954064954,0
-0.686303316154328,0,0.727315446168698,0,1,0,-0.727315446168698,0,-0.686303316154328,1.10345877356285,0.790152248732131,0.141890109784315,0
-0.688003337137167,0,0.7257075224139,0,1,0,-0.7257075224139,0,-0.688003337137167,1.1031979098705,0.790946742419246,0.140523808363741,0
-0.689611980869878,0,0.724179063381926,0,1,0,-0.724179063381926,0,-0.689611980869878,1.10294758100171,0.79170015784489,0.139228717004649,0
-0.691131394676425,0,0.722729129959918,0,1,0,-0.722729129959918,0,-0.691131394676425,1.10270800428252,0.792413246914344,0.138003459566592,0
-0.692563746098877,0,0.721356678481243,0,1,0,-0.721356678481243,0,-0.692563746098877,1.10247935115172,0.793086789853615,0.136846616302048,0
-0.693911224272652,0,0.720060561917142,0,1,0,-0.720060561917142,0,-0.693911224272652,1.10226174819803,0.793721595450461,0.135756723549289,0
-0.695176041398877,0,0.718839531095074,0,1,0,-0.718839531095074,0,-0.695176041398877,1.10205527824179,0.794318501295425,0.134732273385155,0
-0.696360434308326,0,0.71769223594095,0,1,0,-0.71769223594095,0,-0.696360434308326,1.10185998145787,0.794878374022862,0.133771713239626,0
-0.697466666110974,0,0.716617226742452,0,1,0,-0.716617226742452,0,-0.697466666110974,1.10167585653662,0.795402109551961,0.132873445474262,0
-0.698497027925114,0,0.715612955430366,0,1,0,-0.715612955430366,0,-0.698497027925114,1.10150286187932,0.795890633327781,0.132035826926563,0
-0.699453840679461,0,0.714677776874832,0,1,0,-0.714677776874832,0,-0.699453840679461,1.10134091682439,0.796344900562266,0.13125716842256,0
-0.700339456981648,0,0.713809950193082,0,1,0,-0.713809950193082,0,-0.700339456981648,1.10118990290074,0.796765896475291,0.130535734259828,0
-0.70115626304595,0,0.713007640065265,0,1,0,-0.713007640065265,0,-0.70115626304595,1.10104966510403,0.797154636535666,0.129869741663437,0
-0.701906680673106,0,0.712268918054454,0,1,0,-0.712268918054454,0,-0.701906680673106,1.10092001319177,0.797512166702185,0.129257360217134,0
-0.702593169274595,0,0.711591763926958,0,1,0,-0.711591763926958,0,-0.702593169274595,1.10080072299279,0.79783956366464,0.128696711272379,0
-0.703218227933606,0,0.710974066968634,0,1,0,-0.710974066968634,0,-0.703218227933606,1.10069153772644,0.798137935084856,0.128185867337711,0
-0.703784397494621,0,0.710413627292673,0,1,0,-0.710413627292673,0,-0.703784397494621,1.1005921693267,0.79840841983771,0.127722851451053,0
-0.704294262673348,0,0.709908157134009,0,1,0,-0.709908157134009,0,-0.704294262673348,1.10050229976613,0.798652188252171,0.12730563653755,0
-0.704750454178356,0,0.709455282125238,0,1,0,-0.709455282125238,0,-0.704750454178356,1.10042158237426,0.798870442352315,0.126932144755622,0
-0.705155650835723,0,0.709052542548469,0,1,0,-0.709052542548469,0,-0.705155650835723,1.10034964314492,0.799064416098359,0.126600246833794,0
-0.705512581707571,0,0.708697394557309,0,1,0,-0.708697394557309,0,-0.705512581707571,1.10028608202667,0.799235375627691,0.126307761401036,0
-0.705824028195229,0,0.708387211362727,0,1,0,-0.708387211362727,0,-0.705824028195229,1.10023047419016,0.799384619495884,0.126052454313223,0
