1,0,0,0,1,0,0,0,1,0.1992,0,0.7535,0
1,0,0,0,1,0,0,0,1,0.199200421064854,0,0.753500237003789,0
0.999999999975633,0,6.98103567894517e-06,0,1,0,-6.98103567894517e-06,0,0.999999999975633,0.199203351609566,0,0.753501886497225,0
0.999999999725227,0,2.34424003359576e-05,0,1,0,-2.34424003359576e-05,0,0.999999999725227,0.199211254796684,0,0.753506334787347,0
0.999999998471684,0,5.52868140935558e-05,0,1,0,-5.52868140935558e-05,0,0.999999998471684,0.199226543673837,0,0.753514939609339,0
0.999999994228757,0,0.000107435965187396,0,1,0,-0.000107435965187396,0,0.999999994228757,0.199251581685763,0,0.753529030014088,0
0.99999998294143,0,0.000184708253275015,0,1,0,-0.000184708253275015,0,0.99999998294143,0.199288683247288,0,0.75354990614724,0
0.999999957420689,0,0.000291819498634107,0,1,0,-0.000291819498634107,0,0.999999957420689,0.199340114371674,0,0.753578838929433,0
0.999999906089301,0,0.000433383650614947,0,1,0,-0.000433383650614947,0,0.999999906089301,0.199408093349685,0,0.753617069645589,0
0.999999811555093,0,0.000613913494873575,0,1,0,-0.000613913494873575,0,0.999999811555093,0.199494791474668,0,0.753665809451064,0
0.999999649027624,0,0.000837821358762653,0,1,0,-0.000837821358762653,0,0.999999649027624,0.199602333809091,0,0.75372623880211,0
0.999999384593649,0,0.00110941981409766,0,1,0,-0.00110941981409766,0,0.999999384593649,0.199732799987963,0,0.753799506817832,0
0.999998973366205,0,0.00143292237635113,0,1,0,-0.00143292237635113,0,0.999998973366205,0.199888225054695,0,0.753886730580512,0
0.999998357521664,0,0.00181244419916002,0,1,0,-0.00181244419916002,0,0.999998357521664,0.200070600324994,0,0.753988994380871,0
0.999997464238563,0,0.00225200276286426,0,1,0,-0.00225200276286426,0,0.999997464238563,0.200281874274421,0,0.754107348914567,0
0.999996203551538,0,0.00275551855563039,0,1,0,-0.00275551855563039,0,0.999996203551538,0.200523953445345,0,0.75424281043593,0
0.999994466133186,0,0.00332681574555614,0,1,0,-0.00332681574555614,0,0.999994466133186,0.20079870336903,0,0.754396359874652,0
0.999992121016207,0,0.0039696228420009,0,1,0,-0.0039696228420009,0,0.999992121016207,0.201107949498696,0,0.754568941920905,0
0.999989013267717,0,0.00468757334424641,0,1,0,-0.00468757334424641,0,0.999989013267717,0.201453478149421,0,0.754761464084059,0
0.999984961627139,0,0.00548420637546231,0,1,0,-0.00548420637546231,0,0.999984961627139,0.201837037440829,0,0.754974795729957,0
0.999979756118663,0,0.00636296729983503,0,1,0,-0.00636296729983503,0,0.999979756118663,0.202260338238566,0,0.755209767101414,0
0.999973155648804,0,0.00732720832061577,0,1,0,-0.00732720832061577,0,0.999973155648804,0.202725055090644,0,0.755467168326423,0
0.999964885599176,0,0.00838018905675661,0,1,0,-0.00838018905675661,0,0.999964885599176,0.203232827154798,0,0.755747748418265,0
0.999954635424188,0,0.00952507709573282,0,1,0,-0.00952507709573282,0,0.999954635424188,0.203785259113079,0,0.756052214271553,0
0.999942056262942,0,0.0107649485200957,0,1,0,-0.0107649485200957,0,0.999942056262942,0.204383922069999,0,0.756381229657991,0
0.999926758574256,0,0.0121027884052635,0,1,0,-0.0121027884052635,0,0.999926758574256,0.205030354430614,0,0.75673541422547,0
0.999908309803329,0,0.013541491286041,0,1,0,-0.013541491286041,0,0.999908309803329,0.205726062755046,0,0.757115342503896,0
0.999886232088208,0,0.0150838615893555,0,1,0,-0.0150838615893555,0,0.999886232088208,0.206472522586032,0,0.757521542921004,0
0.999860000013851,0,0.0167326140307186,0,1,0,-0.0167326140307186,0,0.999860000013851,0.207271179246191,0,0.757954496831221,0
0.999829038421258,0,0.0184903739719574,0,1,0,-0.0184903739719574,0,0.999829038421258,0.208123448601816,0,0.758414637560492,0
0.999792720278765,0,0.0203596777378149,0,1,0,-0.0203596777378149,0,0.999792720278765,0.209030717790124,0,0.758902349469849,0
0.999750364622328,0,0.0223429728890932,0,1,0,-0.0223429728890932,0,0.999750364622328,0.209994345906993,0,0.759417967040344,0
0.999701234571261,0,0.024442618450103,0,1,0,-0.024442618450103,0,0.999701234571261,0.21101566465238,0,0.759961773981876,0
0.999644535425623,0,0.0266608850882936,0,1,0,-0.0266608850882936,0,0.999644535425623,0.212095978930705,0,0.760534002368278,0
0.999579412851146,0,0.0289999552440625,0,1,0,-0.0289999552440625,0,0.999579412851146,0.21323656740367,0,0.761134831800981,0
0.999504951157321,0,0.0314619232088876,0,1,0,-0.0314619232088876,0,0.999504951157321,0.214438682993089,0,0.761764388603437,0
0.99942017167397,0,0.034048795150082,0,1,0,-0.034048795150082,0,0.99942017167397,0.215703553331473,0,0.762422745048397,0
0.99932403123141,0,0.0367624890806484,0,1,0,-0.0367624890806484,0,0.99932403123141,0.217032381158273,0,0.76310991862009,0
0.999215420749005,0,0.0396048347728972,0,1,0,-0.0396048347728972,0,0.999215420749005,0.218426344659824,0,0.763825871313242,0
0.99909316393672,0,0.042577573614696,0,1,0,-0.042577573614696,0,0.99909316393672,0.219886597751217,0,0.764570508970843,0
0.99895601611399,0,0.0456823584074359,0,1,0,-0.0456823584074359,0,0.99895601611399,0.221414270298481,0,0.765343680662494,0
0.998802663150052,0,0.0489207531050266,0,1,0,-0.0489207531050266,0,0.998802663150052,0.223010468279632,0,0.766145178105118,0
0.998631720529605,0,0.052294232493475,0,1,0,-0.052294232493475,0,0.998631720529605,0.224676273883332,0,0.766974735127801,0
0.998441732547484,0,0.0558041818108512,0,1,0,-0.0558041818108512,0,0.998441732547484,0.226412745544054,0,0.767832027182455,0
0.998231171635818,0,0.0594518963077091,0,1,0,-0.0594518963077091,0,0.998231171635818,0.228220917912869,0,0.768716670901994,0
0.997998437826904,0,0.0632385807482935,0,1,0,-0.0632385807482935,0,0.997998437826904,0.23010180176312,0,0.769628223707671,0
0.997741858354873,0,0.0671653488531508,0,1,0,-0.0671653488531508,0,0.997741858354873,0.232056383830469,0,0.77056618346721,0
0.997459687398968,0,0.0712332226840359,0,1,0,-0.0712332226840359,0,0.997459687398968,0.234085626586955,0,0.77152998820534,0
0.997150105971117,0,0.0754431319723046,0,1,0,-0.0754431319723046,0,0.997150105971117,0.236190467948945,0,0.772519015868321,0
0.996811221950221,0,0.0797959133922723,0,1,0,-0.0797959133922723,0,0.996811221950221,0.238371820919001,0,0.773532584144048,0
0.996441070265437,0,0.0842923097813186,0,1,0,-0.0842923097813186,0,0.996441070265437,0.240630573161927,0,0.774569950339288,0
0.996037613230503,0,0.0889329693088201,0,1,0,-0.0889329693088201,0,0.996037613230503,0.242967586515422,0,0.775630311315612,0
0.995598741030969,0,0.0937184445962936,0,1,0,-0.0937184445962936,0,0.995598741030969,0.245383696435996,0,0.776712803485544,0
0.995122272366012,0,0.0986491917914384,0,1,0,-0.0986491917914384,0,0.995122272366012,0.247879711380978,0,0.777816502870475,0
0.994605955246272,0,0.103725569599066,0,1,0,-0.103725569599066,0,0.994605955246272,0.250456412127661,0,0.778940425221828,0
0.994047467948997,0,0.108947838272207,0,1,0,-0.108947838272207,0,0.994047467948997,0.253114551030819,0,0.780083526206993,0
0.993444420131538,0,0.114316158566989,0,1,0,-0.114316158566989,0,0.993444420131538,0.255854851220041,0,0.78124470166148,0
0.99279435410403,0,0.11983059066516,0,1,0,-0.11983059066516,0,0.99279435410403,0.258678005738509,0,0.782422787908776,0
0.992094746261913,0,0.125491093068435,0,1,0,-0.125491093068435,0,0.992094746261913,0.261584676625061,0,0.783616562149305,0
0.991343008678664,0,0.131297521469121,0,1,0,-0.131297521469121,0,0.991343008678664,0.264575493941565,0,0.784824742919915,0
0.990536490858959,0,0.137249627601754,0,1,0,-0.137249627601754,0,0.990536490858959,0.267651054747828,0,0.786045990625239,0
0.989672481652187,0,0.143347058080735,0,1,0,-0.143347058080735,0,0.989672481652187,0.270811922026446,0,0.787278908142272,0
0.988748211326047,0,0.149589353229244,0,1,0,-0.149589353229244,0,0.988748211326047,0.274058623560212,0,0.788522041499435,0
0.987760853799677,0,0.155975945904913,0,1,0,-0.155975945904913,0,0.987760853799677,0.27739165076485,0,0.789773880631366,0
0.986707529035551,0,0.162506160328024,0,1,0,-0.162506160328024,0,0.986707529035551,0.280811457480067,0,0.791032860210606,0
0.985585305589071,0,0.169179210918177,0,1,0,-0.169179210918177,0,0.985585305589071,0.284318458722045,0,0.792297360557297,0
0.984391203314574,0,0.175994201145621,0,1,0,-0.175994201145621,0,0.984391203314574,0.287913029400715,0,0.793565708627925,0
0.983122196226138,0,0.18295012240361,0,1,0,-0.18295012240361,0,0.983122196226138,0.291595503005286,0,0.794836179084071,0
0.981775215511342,0,0.190045852908341,0,1,0,-0.190045852908341,0,0.981775215511342,0.295366170261686,0,0.796106995442045,0
0.98034715269581,0,0.197280156633194,0,1,0,-0.197280156633194,0,0.98034715269581,0.299225277765724,0,0.797376331304188,0
0.978834862956096,0,0.20465168228412,0,1,0,-0.20465168228412,0,0.978834862956096,0.303173026595923,0,0.798642311672501,0
0.97723516857814,0,0.212158962323195,0,1,0,-0.212158962323195,0,0.97723516857814,0.307209570910132,0,0.799903014345191,0
0.975544862558246,0,0.219800412047414,0,1,0,-0.219800412047414,0,0.975544862558246,0.311335016530151,0,0.80115647139656,0
0.973760712343195,0,0.227574328729919,0,1,0,-0.227574328729919,0,0.973760712343195,0.315549419518736,0,0.802400670740572,0
0.971879463705781,0,0.235478890830927,0,1,0,-0.235478890830927,0,0.971879463705781,0.319852784753456,0,0.803633557778263,0
0.969897844751752,0,0.243512157285639,0,1,0,-0.243512157285639,0,0.969897844751752,0.324245064502015,0,0.804853037129054,0
0.96781257005379,0,0.251672066876476,0,1,0,-0.251672066876476,0,0.96781257005379,0.32872615700372,0,0.80605697444583,0
0.965620344907831,0,0.259956437696936,0,1,0,-0.259956437696936,0,0.965620344907831,0.333295905061879,0,0.807243198313527,0
0.963317869706692,0,0.268362966714411,0,1,0,-0.268362966714411,0,0.963317869706692,0.337954094652007,0,0.808409502230768,0
0.960901844425631,0,0.276889229439175,0,1,0,-0.276889229439175,0,0.960901844425631,0.342700453550762,0,0.809553646673936,0
0.958368973214114,0,0.285532679706764,0,1,0,-0.285532679706764,0,0.958368973214114,0.347534649990613,0,0.810673361242882,0
0.955715969087739,0,0.294290649580792,0,1,0,-0.294290649580792,0,0.955715969087739,0.35245629134527,0,0.811766346887255,0
0.952939558713908,0,0.303160349383198,0,1,0,-0.303160349383198,0,0.952939558713908,0.357464922850957,0,0.812830278212286,0
0.950036487284504,0,0.312138867858715,0,1,0,-0.312138867858715,0,0.950036487284504,0.362560026368612,0,0.813862805862611,0
0.947003523468502,0,0.321223172480198,0,1,0,-0.321223172480198,0,0.947003523468502,0.367741019192117,0,0.814861558982532,0
0.943837464437089,0,0.330410109901265,0,1,0,-0.330410109901265,0,0.943837464437089,0.373007252907653,0,0.815824147750902,0
0.940535140953577,0,0.339696406562442,0,1,0,-0.339696406562442,0,0.940535140953577,0.378358012309249,0,0.816748165988601,0
0.93709342252002,0,0.349078669456779,0,1,0,-0.349078669456779,0,0.93709342252002,0.383792514375568,0,0.817631193836326,0
0.933509222572201,0,0.358553387060624,0,1,0,-0.358553387060624,0,0.933509222572201,0.389309907312912,0,0.818470800500235,0
0.92977950371428,0,0.368116930434918,0,1,0,-0.368116930434918,0,0.92977950371428,0.394909269669376,0,0.819264547062716,0
0.925901282984175,0,0.377765554502073,0,1,0,-0.377765554502073,0,0.925901282984175,0.400589609525002,0,0.820009989355356,0
0.921871637140402,0,0.387495399503111,0,1,0,-0.387495399503111,0,0.921871637140402,0.40634986376267,0,0.820704680890927,0
0.917687707960891,0,0.397302492639407,0,1,0,-0.397302492639407,0,0.917687707960891,0.412188897424382,0,0.821346175851008,0
0.913346707544015,0,0.407182749902925,0,1,0,-0.407182749902925,0,0.913346707544015,0.418105503157447,0,0.821932032125603,0
0.90884592360183,0,0.417131978098463,0,1,0,-0.417131978098463,0,0.90884592360183,0.424098400754952,0,0.822459814400912,0
0.904182724735353,0,0.427145877060933,0,1,0,-0.427145877060933,0,0.904182724735353,0.430166236794728,0,0.822927097291181,0
0.899354565681443,0,0.437220042070286,0,1,0,-0.437220042070286,0,0.899354565681443,0.436307584380869,0,0.823331468510329,0
0.894358992520754,0,0.447349966466146,0,1,0,-0.447349966466146,0,0.894358992520754,0.442520942991664,0,0.82367053207885,0
0.889193647835999,0,0.457531044463772,0,1,0,-0.457531044463772,0,0.889193647835999,0.448804738437605,0,0.823941911561271,0
0.883856275809709,0,0.467758574172395,0,1,0,-0.467758574172395,0,0.883856275809709,0.45515732293291,0,0.824143253329249,0
0.878344727250516,0,0.478027760816479,0,1,0,-0.478027760816479,0,0.878344727250516,0.461576975283786,0,0.824272229845183,0
0.872656964536936,0,0.488333720159874,0,1,0,-0.488333720159874,0,0.872656964536936,0.46806190119639,0,0.824326542961054,0
0.866791066467578,0,0.498671482132273,0,1,0,-0.498671482132273,0,0.866791066467578,0.47461023370721,0,0.824303927227004,0
0.860745233006686,0,0.509035994656828,0,1,0,-0.509035994656828,0,0.860745233006686,0.481220033738304,0,0.824202153204022,0
0.854517789913907,0,0.519422127677145,0,1,0,-0.519422127677145,0,0.854517789913907,0.487889290779542,0,0.824019030774938,0
0.848107193247264,0,0.529824677381347,0,1,0,-0.529824677381347,0,0.848107193247264,0.494615923699736,0,0.823752412447779,0
0.841512033728331,0,0.540238370620236,0,1,0,-0.540238370620236,0,0.841512033728331,0.501397781688184,0,0.823400196645435,0
0.834731040958745,0,0.550657869516028,0,1,0,-0.550657869516028,0,0.834731040958745,0.50823264532789,0,0.822960330975441,0
0.827763087477301,0,0.561077776257486,0,1,0,-0.561077776257486,0,0.827763087477301,0.515118227801345,0,0.822430815473606,0
0.820607192647076,0,0.571492638076716,0,1,0,-0.571492638076716,0,0.820607192647076,0.522052176229468,0,0.821809705815109,0
0.813262526362171,0,0.581896952402244,0,1,0,-0.581896952402244,0,0.813262526362171,0.529032073143913,0,0.821095116486655,0
0.805728412563959,0,0.592285172182424,0,1,0,-0.592285172182424,0,0.805728412563959,0.53605543809264,0,0.820285223913186,0
0.798004332556944,0,0.602651711372619,0,1,0,-0.602651711372619,0,0.798004332556944,0.543119729378256,0,0.819378269532652,0
0.790089928114659,0,0.612990950579022,0,1,0,-0.612990950579022,0,0.790089928114659,0.550222345928308,0,0.8183725628123,0
0.781985004366354,0,0.623297242851397,0,1,0,-0.623297242851397,0,0.781985004366354,0.557360629296298,0,0.817266484199973,0
0.773689532455603,0,0.633564919616475,0,1,0,-0.633564919616475,0,0.773689532455603,0.564531865791878,0,0.816058488003908,0
0.765203651962337,0,0.643788296743194,0,1,0,-0.643788296743194,0,0.765203651962337,0.571733288738254,0,0.814747105194591,0
0.75652767308026,0,0.653961680730429,0,1,0,-0.653961680730429,0,0.75652767308026,0.578962080854519,0,0.813330946122266,0
0.747662078542051,0,0.664079375007371,0,1,0,-0.664079375007371,0,0.747662078542051,0.586215376760215,0,0.811808703143796,0
0.738607525285248,0,0.674135686336216,0,1,0,-0.674135686336216,0,0.738607525285248,0.593490265599094,0,0.810179153152683,0
0.729364845852241,0,0.684124931306363,0,1,0,-0.684124931306363,0,0.729364845852241,0.600783793778665,0,0.808441160006151,0
0.71993504951832,0,0.694041442908891,0,1,0,-0.694041442908891,0,0.71993504951832,0.608092967821771,0,0.806593676843365,0
0.710319323142329,0,0.703879577179665,0,1,0,-0.703879577179665,0,0.710319323142329,0.615414757326079,0,0.804635748289027,0
0.700519031735059,0,0.713633719899064,0,1,0,-0.713633719899064,0,0.700519031735059,0.622746098027022,0,0.802566512536741,0
0.690535718741129,0,0.723298293335933,0,1,0,-0.723298293335933,0,0.690535718741129,0.630083894959411,0,0.800385203306797,0
0.680371106030751,0,0.732867763023106,0,1,0,-0.732867763023106,0,0.680371106030751,0.637425025712595,0,0.798091151673181,0
0.670027093598457,0,0.742336644551516,0,1,0,-0.742336644551516,0,0.670027093598457,0.64476634377373,0,0.795683787754935,0
0.659505758966502,0,0.751699510369681,0,1,0,-0.751699510369681,0,0.659505758966502,0.652104681953446,0,0.793162642267174,0
0.648809356291403,0,0.760950996575164,0,1,0,-0.760950996575164,0,0.648809356291403,0.659436855887873,0,0.790527347927417,0
0.637940315172752,0,0.770085809684408,0,1,0,-0.770085809684408,0,0.637940315172752,0.666759667610751,0,0.787777640713129,0
0.626901239164155,0,0.779098733367246,0,1,0,-0.779098733367246,0,0.626901239164155,0.67406990918906,0,0.784913360966714,0
0.615694903986921,0,0.78798463513227,0,1,0,-0.78798463513227,0,0.615694903986921,0.681364366415402,0,0.781934454344512,0
0.604324255447807,0,0.796738472949219,0,1,0,-0.796738472949219,0,0.604324255447807,0.688639822550113,0,0.778840972606697,0
0.592792407062906,0,0.805355301794535,0,1,0,-0.805355301794535,0,0.592792407062906,0.695893062105887,0,0.775633074245334,0
0.581102637390481,0,0.813830280106256,0,1,0,-0.813830280106256,0,0.581102637390481,0.703120874667545,0,0.772311024948193,0
0.56925838707631,0,0.822158676134527,0,1,0,-0.822158676134527,0,0.56925838707631,0.710320058739359,0,0.768875197896337,0
0.557263255615833,0,0.830335874174085,0,1,0,-0.830335874174085,0,0.557263255615833,0.717487425612262,0,0.765326073893853,0
0.545120997838104,0,0.838357380665304,0,1,0,-0.838357380665304,0,0.545120997838104,0.724619803243109,0,0.761664241328496,0
0.532835520117322,0,0.846218830150513,0,1,0,-0.846218830150513,0,0.532835520117322,0.731714040138092,0,0.757890395962441,0
0.520410876318376,0,0.853915991072623,0,1,0,-0.853915991072623,0,0.520410876318376,0.738767009232309,0,0.754005340552713,0
0.507851263483562,0,0.861444771403339,0,1,0,-0.861444771403339,0,0.507851263483562,0.745775611757474,0,0.750009984301308,0
0.495161017268306,0,0.868801224088581,0,1,0,-0.868801224088581,0,0.495161017268306,0.752736781089685,0,0.745905342135416,0
0.482344607134394,0,0.875981552299115,0,1,0,-0.875981552299115,0,0.482344607134394,0.759647486569208,0,0.741692533818572,0
0.469406631309825,0,0.882982114474785,0,1,0,-0.882982114474785,0,0.469406631309825,0.76650473728424,0,0.737372782894008,0
0.456351811525064,0,0.889799429151195,0,1,0,-0.889799429151195,0,0.456351811525064,0.773305585810637,0,0.732947415461843,0
0.443184987536019,0,0.896430179558173,0,1,0,-0.896430179558173,0,0.443184987536019,0.78004713189972,0,0.728417858792222,0
0.429911111444659,0,0.90287121797985,0,1,0,-0.90287121797985,0,0.429911111444659,0.786726526106313,0,0.723785639776875,0
0.416535241828694,0,0.909119569866754,0,1,0,-0.909119569866754,0,0.416535241828694,0.793340973349317,0,0.719052383221995,0
0.403062537692279,0,0.915172437690876,0,1,0,-0.915172437690876,0,0.403062537692279,0.799887736397258,0,0.714219809985735,0
0.389498252250119,0,0.921027204535297,0,1,0,-0.921027204535297,0,0.389498252250119,0.806364139271409,0,0.709289734963981,0
0.375847726557831,0,0.926681437410565,0,1,0,-0.926681437410565,0,0.375847726557831,0.812767570559279,0,0.704264064928484,0
0.362116383001773,0,0.93213289029071,0,1,0,-0.93213289029071,0,0.362116383001773,0.819095486631467,0,0.699144796221748,0
0.348309718661931,0,0.937379506862427,0,1,0,-0.937379506862427,0,0.348309718661931,0.825345414755125,0,0.693934012313466,0
0.334433298561745,0,0.942419422981674,0,1,0,-0.942419422981674,0,0.334433298561745,0.83151495609749,0,0.68863388122361,0
0.320492748819065,0,0.947250968832653,0,1,0,-0.947250968832653,0,0.320492748819065,0.837601788613254,0,0.683246652817627,0
0.306493749712592,0,0.951872670784867,0,1,0,-0.951872670784867,0,0.306493749712592,0.843603669809821,0,0.677774655979467,0
0.292442028678447,0,0.956283252944667,0,1,0,-0.956283252944667,0,0.292442028678447,0.849518439384766,0,0.672220295668508,0
0.278343353251531,0,0.960481638398514,0,1,0,-0.960481638398514,0,0.278343353251531,0.855344021730206,0,0.666586049866665,0
0.26420352396656,0,0.964466950145857,0,1,0,-0.964466950145857,0,0.26420352396656,0.861078428299056,0,0.660874466422267,0
0.250028367233614,0,0.968238511720378,0,1,0,-0.968238511720378,0,0.250028367233614,0.866719759828547,0,0.655088159797476,0
0.235823728203125,0,0.971795847499041,0,1,0,-0.971795847499041,0,0.235823728203125,0.872266208416727,0,0.649229807726282,0
0.221595463635156,0,0.975138682699195,0,1,0,-0.975138682699195,0,0.221595463635156,0.877716059448027,0,0.643302147790246,0
0.207349434787728,0,0.978266943064729,0,1,0,-0.978266943064729,0,0.207349434787728,0.883067693364391,0,0.637307973919374,0
0.193091500338908,0,0.981180754243004,0,1,0,-0.981180754243004,0,0.193091500338908,0.888319587278833,0,0.631250132825621,0
0.178827509357104,0,0.983880440855054,0,1,0,-0.983880440855054,0,0.178827509357104,0.893470316428702,0,0.625131520376667,0
0.164563294333885,0,0.986366525262278,0,1,0,-0.986366525262278,0,0.164563294333885,0.898518555466324,0,0.618955077917682,0
0.150304664293376,0,0.988639726033531,0,1,0,-0.988639726033531,0,0.150304664293376,0.903463079585138,0,0.612723788548894,0
0.136057397991952,0,0.990700956117263,0,1,0,-0.990700956117263,0,0.136057397991952,0.908302765479792,0,0.606440673366808,0
0.121827237221684,0,0.992551320723987,0,1,0,-0.992551320723987,0,0.121827237221684,0.913036592139157,0,0.600108787676955,0
0.107619880230606,0,0.994192114925053,0,1,0,-0.994192114925053,0,0.107619880230606,0.917663641471553,0,0.59373121718606,0
0.0934409752724421,0,0.995624820974314,0,1,0,-0.995624820974314,0,0.0934409752724421,0.922183098761962,0,0.58731107418149,0
0.07929611429803,0,0.99685110535989,0,1,0,-0.99685110535989,0,0.07929611429803,0.926594252961358,0,0.580851493705782,0
0.0651908268002148,0,0.997872815593803,0,1,0,-0.997872815593803,0,0.0651908268002148,0.930896496808732,0,0.574355629734023,0
0.0511305738234626,0,0.998691976747828,0,1,0,-0.998691976747828,0,0.0511305738234626,0.93508932678674,0,0.567826651361732,0
0.0371207421489185,0,0.99931078774439,0,1,0,-0.99931078774439,0,0.0371207421489185,0.939172342912363,0,0.561267739010776,0
0.023166638665117,0,0.999731617411873,0,1,0,-0.999731617411873,0,0.023166638665117,0.943145248364269,0,0.554682080660752,0
0.00927348493391444,0,0.999957000314104,0,1,0,-0.999957000314104,0,0.00927348493391444,0.947007848949014,0,0.548072868113075,0
-0.00455358803931794,0,0.99998963236424,0,1,0,-0.99998963236424,0,-0.00455358803931794,0.950760052408533,0,0.541443293294867,0
-0.018309544822904,0,0.999832366233649,0,1,0,-0.999832366233649,0,-0.018309544822904,0.954401867571756,0,0.534796544609517,0
-0.0319894503556912,0,0.999488206566711,0,1,0,-0.999488206566711,0,-0.0319894503556912,0.95793340335349,0,0.528135803340594,0
-0.0455884745164279,0,0.998960305012799,0,1,0,-0.998960305012799,0,-0.0455884745164279,0.961354867604068,0,0.521464240115562,0
-0.0591018964592771,0,0.998251955086949,0,1,0,-0.998251955086949,0,-0.0591018964592771,0.964666565813552,0,0.514785011435476,0
-0.0725251087096939,0,0.997366586870969,0,1,0,-0.997366586870969,0,-0.0725251087096939,0.967868899674569,0,0.50810125627661,0
-0.0858536210156302,0,0.996307761566929,0,1,0,-0.996307761566929,0,-0.0858536210156302,0.970962365508163,0,0.501416092769657,0
-0.0990830639496862,0,0.995079165915126,0,1,0,-0.995079165915126,0,-0.0990830639496862,0.973947552557274,0,0.494732614961886,0
-0.112209192258539,0,0.993684606488742,0,1,0,-0.993684606488742,0,-0.112209192258539,0.976825141152727,0,0.488053889667299,0
-0.125227887956653,0,0.992128003877481,0,1,0,-0.992128003877481,0,-0.125227887956653,0.979595900756808,0,0.481382953409562,0
-0.138135163162003,0,0.990413386772517,0,1,0,-0.990413386772517,0,-0.138135163162003,0.982260687889751,0,0.474722809462129,0
-0.150927162672214,0,0.988544885965081,0,1,0,-0.988544885965081,0,-0.150927162672214,0.984820443944615,0,0.468076424989652,0
-0.163600166280181,0,0.986526728271007,0,1,0,-0.986526728271007,0,-0.163600166280181,0.987276192896204,0,0.461446728294454,0
-0.176150590828967,0,0.984363230393439,0,1,0,-0.984363230393439,0,-0.176150590828967,0.989629038909853,0,0.454836606171475,0
-0.188574992006376,0,0.98205879273585,0,1,0,-0.98205879273585,0,-0.188574992006376,0.991880163856,0,0.448248901374767,0
-0.200870065880314,0,0.979617893177354,0,1,0,-0.979617893177354,0,-0.200870065880314,0.994030824736617,0,0.441686410198237,0
-0.213032650176646,0,0.977045080822126,0,1,0,-0.977045080822126,0,-0.213032650176646,0.996082351029616,0,0.435151880173044,0
-0.225059725301905,0,0.974344969734555,0,1,0,-0.974344969734555,0,-0.225059725301905,0.998036141957461,0,0.428648007883617,0
-0.23694841511381,0,0.971522232671519,0,1,0,-0.971522232671519,0,-0.23694841511381,0.999893663686243,0,0.422177436903982,0
-0.24869598744314,0,0.968581594822905,0,1,0,-0.968581594822905,0,-0.24869598744314,1.00165644646153,0,0.415742755855686,0
-0.260299854371067,0,0.965527827571221,0,1,0,-0.965527827571221,0,-0.260299854371067,1.00332608168729,0,0.409346496588294,0
-0.271757572266635,0,0.962365742280836,0,1,0,-0.962365742280836,0,-0.271757572266635,1.00490421895422,0,0.402991132483035,0
-0.283066841589534,0,0.959100184127042,0,1,0,-0.959100184127042,0,-0.283066841589534,1.0063925630238,0,0.3966790768799,0
-0.294225506463882,0,0.955736025974784,0,1,0,-0.955736025974784,0,-0.294225506463882,1.00779287077425,0,0.390412681628099,0
-0.30523155402914,0,0.952278162316535,0,1,0,-0.952278162316535,0,-0.30523155402914,1.00910694811472,0,0.384194235759492,0
-0.316083113574808,0,0.94873150327838,0,1,0,-0.94873150327838,0,-0.316083113574808,1.01033664687375,0,0.378025964284278,0
-0.326778455465866,0,0.945100968702997,0,1,0,-0.945100968702997,0,-0.326778455465866,1.01148386166816,0,0.371910027107905,0
-0.337315989866437,0,0.941391482317758,0,1,0,-0.941391482317758,0,-0.337315989866437,1.01255052675817,0,0.365848518067872,0
-0.347694265269424,0,0.937607965995786,0,1,0,-0.937607965995786,0,-0.347694265269424,1.01353861289488,0,0.359843464088797,0
-0.357911966840234,0,0.933755334117324,0,1,0,-0.933755334117324,0,-0.357911966840234,1.01445012416546,0,0.353896824453852,0
-0.367967914583043,0,0.929838488038329,0,1,0,-0.929838488038329,0,-0.367967914583043,1.01528709484211,0,0.348010490190368,0
-0.377861061338282,0,0.925862310672762,0,1,0,-0.925862310672762,0,-0.377861061338282,1.01605158623974,0,0.3421862835672,0
-0.387590490620323,0,0.921831661194546,0,1,0,-0.921831661194546,0,-0.387590490620323,1.01674568358815,0,0.336425957701149,0
-0.397155414304523,0,0.917751369864738,0,1,0,-0.917751369864738,0,-0.397155414304523,1.01737149292343,0,0.33073119626954,0
-0.406555170173015,0,0.913626232988957,0,1,0,-0.913626232988957,0,-0.406555170173015,1.01793113800387,0,0.325103613325825,0
-0.415789219328752,0,0.909461008009682,0,1,0,-0.909461008009682,0,-0.415789219328752,1.0184267572549,0,0.319544753214873,0
-0.424857143487514,0,0.905260408737524,0,1,0,-0.905260408737524,0,-0.424857143487514,1.01886050074787,0,0.314056090584415,0
-0.433758642157605,0,0.90102910072516,0,1,0,-0.90102910072516,0,-0.433758642157605,1.01923452721691,0,0.308639030488954,0
-0.442493529717128,0,0.896771696787135,0,1,0,-0.896771696787135,0,-0.442493529717128,1.01955100111817,0,0.303294908582274,0
-0.451061732398731,0,0.892492752668309,0,1,0,-0.892492752668309,0,-0.451061732398731,1.01981208973542,0,0.298024991394528,0
-0.459463285191776,0,0.888196762863264,0,1,0,-0.888196762863264,0,-0.459463285191776,1.02001996033579,0,0.292830476689785,0
-0.467698328671841,0,0.883888156588585,0,1,0,-0.883888156588585,0,-0.467698328671841,1.0201767773793,0,0.287712493899757,0
-0.47576710576747,0,0.879571293909508,0,1,0,-0.879571293909508,0,-0.47576710576747,1.02028469978551,0,0.282672104629381,0
-0.483669958474065,0,0.875250462021984,0,1,0,-0.875250462021984,0,-0.483669958474065,1.02034587826053,0,0.277710303229772,0
-0.491407324524682,0,0.870929871690881,0,1,0,-0.870929871690881,0,-0.491407324524682,1.02036245268733,0,0.272828017434061,0
-0.498979734027419,0,0.866613653844622,0,1,0,-0.866613653844622,0,-0.498979734027419,1.02033654958216,0,0.268026109051543,0
-0.506387806079025,0,0.862305856326206,0,1,0,-0.862305856326206,0,-0.506387806079025,1.02027027961954,0,0.263305374715511,0
-0.513632245364142,0,0.858010440800221,0,1,0,-0.858010440800221,0,-0.513632245364142,1.02016573522834,0,0.25866654668013,0
-0.520713838749466,0,0.853731279815139,0,1,0,-0.853731279815139,0,-0.520713838749466,1.02002498826106,0,0.254110293661717,0
-0.527633451882013,0,0.849472154019819,0,1,0,-0.849472154019819,0,-0.527633451882013,1.01985008773813,0,0.24963722171973,0
-0.53439202580031,0,0.845236749532958,0,1,0,-0.845236749532958,0,-0.53439202580031,1.01964305766926,0,0.245247875172872,0
-0.540990573567348,0,0.841028655463815,0,1,0,-0.841028655463815,0,-0.540990573567348,1.01940589495323,0,0.240942737545631,0
-0.547430176933725,0,0.836851361582396,0,1,0,-0.836851361582396,0,-0.547430176933725,1.01914056735763,0,0.236722232540715,0
-0.553711983039257,0,0.832708256137006,0,1,0,-0.832708256137006,0,-0.553711983039257,1.01884901157971,0,0.232586725032844,0
-0.559837201161083,0,0.828602623816824,0,1,0,-0.828602623816824,0,-0.559837201161083,1.01853313138945,0,0.228536522079407,0
-0.565807099516014,0,0.824537643857014,0,1,0,-0.824537643857014,0,-0.565807099516014,1.01819479585571,0,0.224571873943594,0
-0.571623002124543,0,0.820516388283699,0,1,0,-0.820516388283699,0,-0.571623002124543,1.01783583765619,0,0.220692975125723,0
-0.577286285743819,0,0.816541820295878,0,1,0,-0.816541820295878,0,-0.577286285743819,1.01745805147176,0,0.216899965398462,0
-0.582798376876326,0,0.812616792781395,0,1,0,-0.812616792781395,0,-0.582798376876326,1.01706319246564,0,0.213192930841935,0
-0.588160748861015,0,0.808744046963717,0,1,0,-0.808744046963717,0,-0.588160748861015,1.01665297484764,0,0.209571904874578,0
-0.59337491905301,0,0.804926211176425,0,1,0,-0.804926211176425,0,-0.59337491905301,1.01622907052366,0,0.206036869276001,0
-0.598442446097951,0,0.80116579976201,0,1,0,-0.80116579976201,0,-0.598442446097951,1.01579310783039,0,0.202587755197991,0
-0.603364927306567,0,0.797465212091625,0,1,0,-0.797465212091625,0,-0.603364927306567,1.01534667035529,0,0.19922444416009,0
-0.608143996134755,0,0.79382673170236,0,1,0,-0.79382673170236,0,-0.608143996134755,1.01489129584137,0,0.195946769026272,0
-0.612781319774144,0,0.790252525548548,0,1,0,-0.790252525548548,0,-0.612781319774144,1.01442847517666,0,0.192754514959395,0
-0.617278596857754,0,0.786744643363603,0,1,0,-0.786744643363603,0,-0.617278596857754,1.01395965146779,0,0.189647420350265,0
-0.621637555285033,0,0.783305017128863,0,1,0,-0.783305017128863,0,-0.621637555285033,1.01348621919728,0,0.186625177718303,0
-0.625859950170159,0,0.779935460645948,0,1,0,-0.779935460645948,0,-0.625859950170159,1.01300952346375,0,0.183687434580998,0
-0.629947561917228,0,0.776637669209098,0,1,0,-0.776637669209098,0,-0.629947561917228,1.01253085930447,0,0.180833794289474,0
-0.633902194425475,0,0.773413219374073,0,1,0,-0.773413219374073,0,-0.633902194425475,1.01205147109943,0,0.17806381682771,0
-0.637725673427493,0,0.770263568820083,0,1,0,-0.770263568820083,0,-0.637725673427493,1.01157255205592,0,0.175377019573052,0
-0.64141984496283,0,0.767190056301474,0,1,0,-0.767190056301474,0,-0.64141984496283,1.01109524377293,0,0.172772878015985,0
-0.644986573989224,0,0.76419390168572,0,1,0,-0.76419390168572,0,-0.644986573989224,1.01062063588402,0,0.17025082643715,0
-0.6484277431332,0,0.7612762060745,0,1,0,-0.7612762060745,0,-0.6484277431332,1.01014976577788,0,0.167810258539898,0
-0.651745251581493,0,0.758437952004629,0,1,0,-0.758437952004629,0,-0.651745251581493,1.00968361839519,0,0.165450528036822,0
-0.654941014114371,0,0.755680003725677,0,1,0,-0.755680003725677,0,-0.654941014114371,1.00922312610069,0,0.163170949188878,0
-0.658016960281576,0,0.753003107551221,0,1,0,-0.753003107551221,0,-0.658016960281576,1.00876916862912,0,0.16097079729594,0
-0.660975033721254,0,0.750407892280716,0,1,0,-0.750407892280716,0,-0.660975033721254,1.00832257310372,0,0.158849309137781,0
-0.663817191621896,0,0.747894869689062,0,1,0,-0.747894869689062,0,-0.663817191621896,1.00788411412586,0,0.156805683364699,0
-0.666545404326951,0,0.745464435080991,0,1,0,-0.745464435080991,0,-0.666545404326951,1.00745451393437,0,0.154839080837156,0
-0.669161655081388,0,0.743116867907557,0,1,0,-0.743116867907557,0,-0.669161655081388,1.00703444263302,0,0.152948624914041,0
-0.671667939919268,0,0.740852332441902,0,1,0,-0.740852332441902,0,-0.671667939919268,1.00662451848457,0,0.151133401689276,0
-0.674066267690809,0,0.738670878511792,0,1,0,-0.738670878511792,0,-0.674066267690809,1.00622530826979,0,0.149392460176766,0
-0.676358660227357,0,0.736572442286198,0,1,0,-0.736572442286198,0,-0.676358660227357,1.00583732770967,0,0.14772481244376,0
-0.678547152642103,0,0.734556847113479,0,1,0,-0.734556847113479,0,-0.678547152642103,1.00546104194909,0,0.146129433692986,0
-0.68063379376418,0,0.732623804408633,0,1,0,-0.732623804408633,0,-0.68063379376418,1.0050968661001,0,0.144605262293998,0
-0.682620646703433,0,0.730772914587143,0,1,0,-0.730772914587143,0,-0.682620646703433,1.0047451658429,0,0.143151199764392,0
-0.684509789542697,0,0.729003668043044,0,1,0,-0.729003668043044,0,-0.684509789542697,1.00440625808247,0,0.141766110701744,0
-0.686303316154328,0,0.727315446168698,0,1,0,-0.727315446168698,0,-0.686303316154328,1.00408041165881,0,0.140448822667173,0
-0.688003337137167,0,0.7257075224139,0,1,0,-0.7257075224139,0,-0.688003337137167,1.00376784810864,0,0.139198126021709,0
-0.689611980869878,0,0.724179063381926,0,1,0,-0.724179063381926,0,-0.689611980869878,1.00346874247624,0,0.138012773716771,0
-0.691131394676425,0,0.722729129959918,0,1,0,-0.722729129959918,0,-0.691131394676425,1.00318322417112,0,0.136891481040091,0
-0.692563746098877,0,0.721356678481243,0,1,0,-0.721356678481243,0,-0.692563746098877,1.00291137787,0,0.135832925318745,0
-0.693911224272652,0,0.720060561917142,0,1,0,-0.720060561917142,0,-0.693911224272652,1.00265324446059,0,0.134835745580919,0
-0.695176041398877,0,0.718839531095074,0,1,0,-0.718839531095074,0,-0.695176041398877,1.00240882202437,0,0.133898542178269,0
-0.696360434308326,0,0.71769223594095,0,1,0,-0.71769223594095,0,-0.696360434308326,1.00217806685562,0,0.13301987637076,0
-0.697466666110974,0,0.716617226742452,0,1,0,-0.716617226742452,0,-0.697466666110974,1.00196089451373,0,0.13219826987611,0
-0.698497027925114,0,0.715612955430366,0,1,0,-0.715612955430366,0,-0.698497027925114,1.0017571809056,0,0.131432204385894,0
-0.699453840679461,0,0.714677776874832,0,1,0,-0.714677776874832,0,-0.699453840679461,1.00156676339501,0,0.130720121050642,0
-0.700339456981648,0,0.713809950193082,0,1,0,-0.713809950193082,0,-0.700339456981648,1.00138944193531,0,0.130060419936169,0
-0.70115626304595,0,0.713007640065265,0,1,0,-0.713007640065265,0,-0.70115626304595,1.0012249802222,0,0.129451459453652,0
-0.701906680673106,0,0.712268918054454,0,1,0,-0.712268918054454,0,-0.701906680673106,1.00107310686237,0,0.12889155576582,0
-0.702593169274595,0,0.711591763926958,0,1,0,-0.711591763926958,0,-0.702593169274595,1.00093351655449,0,0.128378982171898,0
-0.703218227933606,0,0.710974066968634,0,1,0,-0.710974066968634,0,-0.703218227933606,1.00080587127806,0,0.127911968473838,0
-0.703784397494621,0,0.710413627292673,0,1,0,-0.710413627292673,0,-0.703784397494621,1.000689801486,0,0.127488700326516,0
-0.704294262673348,0,0.709908157134009,0,1,0,-0.709908157134009,0,-0.704294262673348,1.00058490729625,0,0.127107318574547,0
-0.704750454178356,0,0.709455282125238,0,1,0,-0.709455282125238,0,-0.704750454178356,1.00049075967766,0,0.126765918578478,0
-0.705155650835723,0,0.709052542548469,0,1,0,-0.709052542548469,0,-0.705155650835723,1.0004069016252,0,0.126462549533034,0
-0.705512581707571,0,0.708697394557309,0,1,0,-0.708697394557309,0,-0.705512581707571,1.00033284931909,0,0.126195213780232,0
-0.705824028195229,0,0.708387211362727,0,1,0,-0.708387211362727,0,-0.705824028195229,1.0002680932625,0,0.125961866120106,0
-0.706092826117596,0,0.708119284376062,0,1,0,-0.708119284376062,0,-0.706092826117596,1.00021209939196,0,0.125760413121761,0
-0.706321867754811,0,0.707890824302275,0,1,0,-0.707890824302275,0,-0.706321867754811,1.00016431015448,0,0.125588712437644,0
-0.706514103847392,0,0.707698962175809,0,1,0,-0.707698962175809,0,-0.706514103847392,1.00012414554512,0,0.125444572123674,0
-0.706672545540591,0,0.707540750331161,0,1,0,-0.707540750331161,0,-0.706672545540591,1.00009100409839,0,0.125325749968035,0
-0.706800266263451,0,0.707413163299861,0,1,0,-0.707413163299861,0,-0.706800266263451,1.00006426382665,0,0.125229952831436,0
-0.706900403532063,0,0.707313098624794,0,1,0,-0.707313098624794,0,-0.706900403532063,1.00004328309841,0,0.125154836001421,0
-0.706976160665886,0,0.707237377582749,0,1,0,-0.707237377582749,0,-0.706976160665886,1.00002740144898,0,0.125098002563616,0
-0.707030808406137,0,0.707182745805188,0,1,0,-0.707182745805188,0,-0.707030808406137,1.00001594031591,0,0.125057002792499,0
-0.707067686424708,0,0.707145873787022,0,1,0,-0.707145873787022,0,-0.707067686424708,1.00000820369095,0,0.125029333564442,0
-0.707090204712008,0,0.707123357272499,0,1,0,-0.707123357272499,0,-0.707090204712008,1.00000347868039,0,0.125012437795699,0
-0.707101844831649,0,0.707111717506986,0,1,0,-0.707111717506986,0,-0.707101844831649,1.00000103596501,0,0.125003703908065,0
-0.707106161029795,0,0.707107401342756,0,1,0,-0.707107401342756,0,-0.707106161029795,1.00000013015062,0,0.125000465324859,0
-0.707106781186547,0,0.707106781186548,0,1,0,-0.707106781186548,0,-0.707106781186547,1,0,0.125,0
-0.707106781186547,0,0.707106781186548,0,1,0,-0.707106781186548,0,-0.707106781186547,1,0,0.125,0
-0.707106781186547,0,0.707106781186548,0,1,0,-0.707106781186548,0,-0.707106781186547,1,0,0.124999976576313,0
-0.707106781186547,0,0.707106781186548,0,1,0,-0.707106781186548,0,-0.707106781186547,1,0,0.124999813416597,0
-0.707106781186547,0,0.707106781186548,0,1,0,-0.707106781186548,0,-0.707106781186547,1,0,0.124999372995312,0
-0.707106781186547,0,0.707106781186548,0,1,0,-0.707106781186548,0,-0.707106781186547,1,0,0.124998520185722,0
-0.707106781186547,0,0.707106781186548,0,1,0,-0.707106781186548,0,-0.707106781186547,1,0,0.124997122245985,0
-0.707106781186547,0,0.707106781186548,0,1,0,-0.707106781186548,0,-0.707106781186547,1,0,0.124995048805253,0
-0.707106781186547,0,0.707106781186548,0,1,0,-0.707106781186548,0,-0.707106781186547,1,0,0.124992171849757,0
-0.707106781186547,0,0.707106781186548,0,1,0,-0.707106781186548,0,-0.707106781186547,1,0,0.12498836570891,0
-0.707106781186547,0,0.707106781186548,0,1,0,-0.707106781186548,0,-0.707106781186547,1,0,0.124983507041396,0
-0.707106781186547,0,0.707106781186548,0,1,0,-0.707106781186548,0,-0.707106781186547,1,0,0.124977474821263,0
-0.707106781186547,0,0.707106781186548,0,1,0,-0.707106781186548,0,-0.707106781186547,1,0,0.124970150324019,0
-0.707106781186547,0,0.707106781186548,0,1,0,-0.707106781186548,0,-0.707106781186547,1,0,0.124961417112728,0
-0.707106781186547,0,0.707106781186548,0,1,0,-0.707106781186548,0,-0.707106781186547,1,0,0.124951161024099,0
-0.707106781186547,0,0.707106781186548,0,1,0,-0.707106781186548,0,-0.707106781186547,1,0,0.124939270154582,0
-0.707106781186547,0,0.707106781186548,0,1,0,-0.707106781186548,0,-0.707106781186547,1,0,0.124925634846465,0
-0.707106781186547,0,0.707106781186548,0,1,0,-0.707106781186548,0,-0.707106781186547,1,0,0.124910147673962,0
-0.707106781186547,0,0.707106781186548,0,1,0,-0.707106781186548,0,-0.707106781186547,1,0,0.124892703429311,0
-0.707106781186547,0,0.707106781186548,0,1,0,-0.707106781186548,0,-0.707106781186547,1,0,0.124873199108869,0
-0.707106781186547,0,0.707106781186548,0,1,0,-0.707106781186548,0,-0.707106781186547,1,0,0.1248515338992,0
-0.707106781186547,0,0.707106781186548,0,1,0,-0.707106781186548,0,-0.707106781186547,1,0,0.124827609163176,0
-0.707106781186547,0,0.707106781186548,0,1,0,-0.707106781186548,0,-0.707106781186547,1,0,0.124801328426066,0
-0.707106781186547,0,0.707106781186548,0,1,0,-0.707106781186548,0,-0.707106781186547,1,0,0.124772597361633,0
-0.707106781186547,0,0.707106781186548,0,1,0,-0.707106781186548,0,-0.707106781186547,1,0,0.124741323778224,0
-0.707106781186547,0,0.707106781186548,0,1,0,-0.707106781186548,0,-0.707106781186547,1,0,0.124707417604868,0
-0.707106781186547,0,0.707106781186548,0,1,0,-0.707106781186548,0,-0.707106781186547,1,0,0.124670790877368,0
-0.707106781186547,0,0.707106781186548,0,1,0,-0.707106781186548,0,-0.707106781186547,1,0,0.124631357724394,0
-0.707106781186547,0,0.707106781186548,0,1,0,-0.707106781186548,0,-0.707106781186547,1,0,0.124589034353581,0
